GDAX PRICE HISTORY FILE
0.58435650,81.75000000
0.58430000,81.74000000
0.36170000,81.74000000
0.69390053,81.75000000
0.05400000,81.74000000
3.69043787,81.74000000
0.58435650,81.75000000
1.64328206,81.75000000
4.30956213,81.74000000
20.69043787,81.74000000
1.62460000,81.75000000
2.92616429,81.75000000
6.73147093,81.74000000
24.00000000,81.74000000
20.21420433,81.74000000
7.85332000,81.74000000
0.20000000,81.74000000
0.20000000,81.74000000
0.59652806,81.75000000
0.36526846,81.75000000
6.12800000,81.74000000
1.00010000,81.75000000
1.01827255,81.75000000
1.00010000,81.74000000
7.48290000,81.75000000
2.01632090,81.74000000
1.17041703,81.75000000
6.48280000,81.74000000
0.80000000,81.74000000
1.00000000,81.74000000
1.11252393,81.74000000
2.53614000,81.74000000
0.20275097,81.74000000
4.59089811,81.75000000
0.48521884,81.75000000
0.32063020,81.75000000
0.64264000,81.74000000
14.86537000,81.74000000
131.98453000,81.74000000
3.26129987,81.74000000
15.00000000,81.74000000
2.57714987,81.74000000
7.00000000,81.74000000
0.10048000,81.74000000
0.14307026,81.74000000
0.00692974,81.74000000
3.46342339,81.74000000
0.10077000,81.74000000
131.62645000,81.73000000
48.37355000,81.73000000
23.54445000,81.73000000
93.90907687,81.73000000
5.70000000,81.73000000
25.68256287,81.73000000
4.42101263,81.73000000
12.35013116,81.73000000
34.39276647,81.73000000
0.10075000,81.73000000
2.00000000,81.72000000
4.31733471,81.70000000
6.93232882,81.69000000
1.95025000,81.69000000
1.00013693,81.70000000
3.00000000,81.69000000
21.14391220,81.70000000
0.17269293,81.69000000
12.01000000,81.69000000
23.68323439,81.69000000
23.68330000,81.70000000
1.99900000,81.69000000
23.68320000,81.69000000
0.25158800,81.69000000
0.34113399,81.70000000
1.18148547,81.70000000
10.14993141,81.70000000
50.00000000,81.70000000
1.90200000,81.70000000
70.00000000,81.70000000
9.25000000,81.70000000
0.29200000,81.70000000
1.01835979,81.70000000
1.85731000,81.70000000
38.38659880,81.70000000
2.50000000,81.70000000
1.78924670,81.70000000
182.85620000,81.69000000
0.10096000,81.69000000
0.22543342,81.68000000
28.50524364,81.67000000
0.10023000,81.67000000
1.23431967,81.67000000
1.80000000,81.66000000
27.89711018,81.66000000
32.30309651,81.65000000
1.10760000,81.66000000
2.50000000,81.66000000
2.40056148,81.66000000
6.13200000,81.65000000
2.03501230,81.66000000
11.56490349,81.65000000
0.10000000,81.65000000
0.25000000,81.65000000
0.10000000,81.65000000
19.00000000,81.65000000
25.00000000,81.65000000
0.10009000,81.65000000
0.09990651,81.65000000
0.00009349,81.65000000
0.10000000,81.64000000
0.10000000,81.64000000
51.61590651,81.64000000
0.10038000,81.65000000
11.94412000,81.64000000
6.13200000,81.64000000
0.35697526,81.64000000
24.01219472,81.65000000
15.57000000,81.64000000
6.13200000,81.64000000
1.17185048,81.65000000
6.13100000,81.64000000
0.60068027,81.64000000
6.13400000,81.64000000
1.27563480,81.64000000
0.30466163,81.65000000
3.29249492,81.64000000
2.00000000,81.64000000
0.10065000,81.64000000
0.17704715,81.63000000
0.14019575,81.62000000
6.13400000,81.62000000
0.63381805,81.63000000
2.22580425,81.62000000
0.32000000,81.62000000
0.10043000,81.62000000
0.10232000,81.60000000
2.00000000,81.60000000
0.10000000,81.60000000
0.10000000,81.60000000
0.10000000,81.60000000
6.07144575,81.60000000
0.28657399,81.61000000
2.93046589,81.61000000
3.92855436,81.60000000
2.20644564,81.60000000
2.79355436,81.60000000
0.15000000,81.60000000
0.10000000,81.60000000
0.10000000,81.60000000
0.25000000,81.60000000
2.74144564,81.60000000
2.00640707,81.60000000
6.13500000,81.60000000
1.93860000,81.61000000
6.13500000,81.60000000
10.70978596,81.60000000
0.57263165,81.60000000
4.61000000,81.61000000
1.26847473,81.60000000
0.58535895,81.61000000
2.34497163,81.61000000
0.50000000,81.60000000
2.12221578,81.61000000
0.20000000,81.61000000
0.20000000,81.61000000
9.60000000,81.61000000
80.36589700,81.61000000
19.07698341,81.61000000
1.83999000,81.61000000
1.85739000,81.61000000
0.36808000,81.61000000
0.23893585,81.61000000
0.11637572,81.61000000
33.32133942,81.61000000
0.12862481,81.61000000
5.00000000,81.61000000
0.18991153,81.61000000
0.23892526,81.61000000
16.66000000,81.61000000
1.89604700,81.61000000
225.06395300,81.61000000
0.10006000,81.61000000
19.07698341,81.61000000
27.57800359,81.61000000
52.78789341,81.61000000
0.10000000,81.61000000
10.16658500,81.61000000
0.10084000,81.61000000
0.15314859,81.62000000
0.18990354,81.62000000
0.17763094,81.62000000
6.13500000,81.62000000
40.00000000,81.64000000
0.20207735,81.65000000
15.35682265,81.65000000
16.96317735,81.65000000
47.21300000,81.66000000
40.43108000,81.66000000
16.45892000,81.66000000
0.24476000,81.66000000
0.10052000,81.66000000
23.52637000,81.66000000
0.16296000,81.66000000
0.10092000,81.66000000
0.37752000,81.67000000
0.00000300,81.67000000
0.10007000,81.67000000
0.20192188,81.70000000
0.20195739,81.70000000
0.14075247,81.70000000
0.10002000,81.70000000
0.10000000,81.73000000
0.10025000,81.73000000
0.10000000,81.73000000
6.03100000,81.73000000
13.20000000,81.73000000
0.16517287,81.73000000
0.10075713,81.73000000
0.00000287,81.73000000
0.10000000,81.74000000
0.17734179,81.75000000
0.20180607,81.75000000
0.23851936,81.75000000
0.15287689,81.75000000
0.17734273,81.75000000
0.11620132,81.75000000
0.21404463,81.75000000
0.20182824,81.75000000
0.43421541,81.75000000
0.12842757,81.75000000
0.11617196,81.75000000
0.17734109,81.76000000
30.00015477,81.76000000
2.21079440,81.75000000
0.43160000,81.76000000
1.00000000,81.75000000
1.18061843,81.76000000
16.73592680,81.76000000
3.00000000,81.76000000
0.10037000,81.76000000
0.20809000,81.76000000
6.12000000,81.76000000
0.23846917,81.76000000
0.11614577,81.77000000
0.17726717,81.79000000
0.18948461,81.79000000
0.14056686,81.80000000
5.00000000,81.80000000
2.00000000,81.80000000
0.25416967,81.81000000
0.17146945,81.81000000
0.96943541,85.00000000
1.35070000,85.00000000
0.56194735,85.01000000
2.36000000,85.01000000
1.00000000,85.01000000
0.80657279,85.01000000
0.25000000,85.01000000
50.00000000,85.01000000
44.29975324,85.01000000
0.58523990,85.01000000
0.56194735,85.01000000
0.10180000,85.01000000
32.00000000,85.01000000
0.56194735,85.01000000
60.82389489,85.00000000
21.88931216,85.01000000
1.00000000,85.01000000
42.50000000,85.01000000
10.00000000,85.01000000
13.10078784,85.01000000
0.12886983,85.01000000
36.77034233,85.01000000
5.00000000,85.01000000
3.50628194,85.01000000
0.10036000,85.01000000
0.80481400,85.01000000
0.35000000,85.01000000
0.22932933,85.02000000
0.12346758,85.02000000
0.11170926,85.02000000
0.10000000,85.02000000
0.13522909,85.02000000
4.50000000,85.02000000
0.10000000,85.03000000
0.29988269,85.03000000
0.14697179,85.03000000
0.15873989,85.03000000
0.18228749,85.03000000
0.10000000,85.03000000
0.11171237,85.03000000
0.14699415,85.03000000
0.11171324,85.03000000
0.22931582,85.03000000
0.12346170,85.03000000
0.21753679,85.03000000
0.11170414,85.03000000
0.17050149,85.03000000
0.13522089,85.03000000
0.15875232,85.03000000
0.11282900,85.04000000
0.11228800,85.04000000
0.11308800,85.04000000
0.11278200,85.04000000
0.13520478,85.04000000
0.11170439,85.04000000
0.11170450,85.04000000
0.12346357,85.04000000
0.18223744,85.04000000
0.10000000,85.04000000
0.45272304,85.04000000
0.11168095,85.04000000
0.14695496,85.04000000
0.12346297,85.04000000
0.64000000,85.04000000
0.60000000,85.05000000
0.10000000,85.05000000
0.21750964,85.05000000
0.10000000,85.05000000
0.20000000,85.05000000
0.20000000,85.05000000
0.11169554,85.05000000
0.19397150,85.05000000
2.02035500,85.06000000
2.01940200,85.06000000
1.80186802,85.06000000
0.21709998,85.06000000
0.91771501,85.06000000
5.00000000,85.06000000
1.40608970,85.06000000
0.12060553,85.06000000
4.30200000,85.06000000
1.63115764,85.06000000
1.63120000,85.05000000
0.12280000,85.05000000
2.99888626,85.05000000
1.00000000,85.06000000
1.12487176,85.06000000
60.00000000,85.06000000
2.30460676,85.06000000
0.60372409,85.05000000
0.64350245,85.06000000
0.64340000,85.05000000
0.66689829,85.06000000
0.64350000,85.06000000
0.61026591,85.05000000
0.38973409,85.05000000
20.23905286,85.06000000
2.25908425,85.06000000
22.49810000,85.05000000
10.00700000,85.06000000
0.21652846,85.06000000
2.00000000,85.05000000
0.48342820,85.05000000
5.00000000,85.06000000
0.95618779,85.06000000
0.28573201,85.05000000
7.00000000,85.06000000
0.23699981,85.06000000
0.22000000,85.05000000
22.49813711,85.06000000
19.24035264,85.05000000
3.25764736,85.05000000
11.52619222,85.06000000
4.70300079,85.06000000
0.10000000,85.06000000
1.00000000,85.06000000
1.44699921,85.06000000
0.55300079,85.06000000
1.00000000,85.06000000
1.00000000,85.06000000
0.44699921,85.06000000
0.55300079,85.06000000
0.03189509,85.06000000
0.96810491,85.06000000
0.28368926,85.06000000
1.25170000,85.05000000
0.78131074,85.06000000
0.31868926,85.06000000
0.15170000,85.06000000
1.73970983,85.05000000
1.85900095,85.05000000
4.52961074,85.06000000
0.47038926,85.06000000
1.02000000,85.06000000
0.10920000,85.05000000
2.88154806,85.06000000
1.90687756,85.06000000
0.27501804,85.06000000
0.56161703,85.06000000
4.56490430,85.05000000
5.43509570,85.05000000
7.88455005,85.06000000
2.11544995,85.06000000
4.77698489,85.06000000
0.84760788,85.06000000
1.06150000,85.06000000
3.45790446,85.06000000
0.41347242,85.05000000
0.56161703,85.06000000
0.99563738,85.05000000
0.00426262,85.05000000
9.43838297,85.06000000
5.06555715,85.06000000
5.74445346,85.06000000
0.10539824,85.06000000
7.86850283,85.06000000
0.71166000,85.06000000
0.14000000,85.06000000
0.10000000,85.06000000
0.13000000,85.06000000
0.25000000,85.06000000
0.10079000,85.06000000
50.00000000,85.06000000
0.10099000,85.06000000
0.10000000,85.07000000
1.00000000,85.07000000
3.47981778,85.07000000
1.00000000,85.07000000
10.24642420,85.07000000
1.00747174,85.06000000
1.99573738,85.05000000
5.95244004,85.05000000
3.27472258,85.05000000
1.00000000,85.06000000
5.62327058,85.06000000
1.00000000,85.05000000
1.93955748,85.05000000
2.90722147,85.05000000
0.25394462,85.05000000
0.10023000,85.06000000
0.10066000,85.06000000
0.11164155,85.08000000
0.10000000,85.08000000
0.14691064,85.08000000
0.02545369,85.08000000
0.58070000,85.06000000
2.00000000,85.06000000
0.19313262,85.06000000
0.50000000,85.05000000
1.98511665,85.05000000
0.25542090,85.06000000
0.11000000,85.06000000
0.10000000,85.06000000
11.06077132,85.06000000
0.16750000,85.06000000
0.83863790,85.06000000
2.18746187,85.06000000
0.27501804,85.06000000
1.25000000,85.06000000
0.99537581,85.06000000
2.11159112,85.06000000
0.44463785,85.06000000
0.44430000,85.05000000
0.44520000,85.06000000
4.13590587,85.05000000
0.57331494,85.06000000
0.56161703,85.06000000
0.91395831,85.06000000
11.24906855,85.06000000
9.64000000,85.05000000
0.10560000,85.06000000
5.76309611,85.06000000
11.45990951,85.05000000
5.16840281,85.05000000
54.00519907,85.05000000
5.29740673,85.05000000
25.00000000,85.05000000
5.60901889,85.05000000
5.64960689,85.05000000
5.35958069,85.05000000
0.10000000,85.05000000
5.64175718,85.05000000
5.36595676,85.05000000
5.56815670,85.05000000
15.38920089,85.05000000
0.15803887,85.06000000
1.03520000,85.06000000
0.29244794,85.06000000
8.99920805,85.06000000
2.39917991,85.05000000
1.39920000,85.06000000
2.21161920,85.05000000
0.18758080,85.05000000
5.88677197,85.05000000
5.12322803,85.05000000
2.72683009,85.06000000
1.55856001,85.05000000
1.44032625,85.05000000
5.98388269,85.05000000
4.01611731,85.05000000
1.47130369,85.05000000
2.65862583,85.05000000
14.34137417,85.05000000
35.65862583,85.05000000
3.30000000,85.05000000
9.34937543,85.05000000
90.50000000,85.05000000
0.10029874,85.05000000
0.00018126,85.05000000
1.50000000,85.04000000
0.49981874,85.04000000
0.00018126,85.04000000
2.00000000,85.01000000
0.10080000,85.01000000
56.99110000,85.00000000
11.30000000,85.00000000
1.00000000,85.00000000
1.03541236,85.00000000
1.06370000,85.01000000
0.19630000,85.01000000
2.05488379,85.01000000
0.97680000,85.00000000
31.00000000,85.00000000
0.32785139,85.01000000
0.92214011,85.00000000
0.35397482,85.01000000
0.77155855,85.01000000
0.20000000,85.00000000
1.25253043,85.01000000
9.57454753,85.00000000
1.00000000,85.00000000
13.00000000,85.00000000
0.60000000,85.00000000
0.20000000,85.00000000
0.20000000,85.00000000
2.88545247,85.00000000
0.56194735,85.01000000
27.48000000,85.00000000
0.10000000,85.01000000
10.03454753,85.00000000
0.10000000,85.00000000
0.10057000,85.00000000
4.76488247,84.99000000
6.35377350,84.99000000
28.69000000,84.99000000
8.45000000,84.99000000
21.39241235,84.99000000
0.09758765,84.99000000
0.00281235,84.99000000
1.00000000,84.95000000
0.10052000,84.95000000
2.00000000,84.95000000
4.00000000,84.93000000
0.43343358,84.90000000
0.44234492,84.90000000
0.14169075,84.90000000
0.10312132,84.90000000
28.11832640,84.90000000
1.00193152,84.91000000
0.10014000,84.90000000
0.20000000,84.90000000
1.00000000,84.88000000
2.00000000,84.88000000
0.10013000,84.85000000
0.89987000,84.85000000
0.20000000,84.85000000
3.01000000,84.85000000
3.09710800,84.84000000
6.59750535,84.84000000
1.00000000,84.84000000
0.10051000,84.84000000
0.10000000,84.84000000
0.43000000,84.83000000
0.17691446,84.82000000
0.23549976,84.81000000
0.92610000,84.82000000
0.58646074,84.82000000
0.23609868,84.81000000
0.20000000,84.81000000
0.10077000,84.81000000
0.39263132,84.80000000
0.30913846,84.80000000
0.28076097,84.80000000
0.10312146,84.80000000
10.83915901,84.80000000
0.57493715,84.81000000
1.13762361,84.81000000
46.23522332,84.81000000
9.16084099,84.80000000
0.18915901,84.80000000
2.84084099,84.80000000
4.00000000,84.80000000
0.10046000,84.80000000
2.94876300,84.78000000
0.20406230,84.75000000
0.51155347,84.75000000
0.16591578,84.75000000
0.11846845,84.75000000
0.10096000,84.75000000
4.00000000,84.73000000
2.00000000,84.73000000
0.17714834,84.71000000
0.67216021,84.70000000
0.32882139,84.70000000
0.10312161,84.70000000
2.17940942,84.70000000
1.82059058,84.70000000
50.00000000,84.70000000
0.10008000,84.70000000
0.20000000,84.70000000
32.00000000,84.69000000
0.50000000,84.67000000
0.11172003,84.65000000
0.34750000,84.65000000
0.20066534,84.65000000
0.22851463,84.65000000
0.10781061,84.65000000
0.10100000,84.65000000
4.00000000,84.65000000
32.17997518,84.65000000
0.10577129,84.66000000
9.89422871,84.66000000
40.37867129,84.66000000
9.89422871,84.66000000
0.10580000,84.69000000
0.11172003,84.70000000
0.34750000,84.70000000
0.10781061,84.70000000
0.10100000,84.70000000
0.20066534,84.70000000
0.22840402,84.70000000
0.00011061,84.70000000
1.85739000,84.70000000
1.10227637,84.70000000
0.34789420,84.71000000
0.15859823,84.71000000
20.00000000,84.70000000
0.10033000,84.71000000
0.00550372,84.73000000
1.12925283,84.73000000
7.48606000,84.72000000
0.36000000,84.73000000
0.10985655,84.73000000
0.48699237,84.72000000
1.00000000,84.72000000
0.10068000,84.72000000
0.15992763,84.70000000
1.12925283,84.71000000
1.18200000,84.70000000
0.65807237,84.70000000
0.10052763,84.70000000
0.00014237,84.70000000
0.09985763,84.69000000
0.00014237,84.69000000
0.10075763,84.69000000
0.00018237,84.69000000
0.49981763,84.66000000
0.20000000,84.65000000
0.72000000,84.66000000
0.27995830,84.66000000
0.12930000,84.66000000
2.00000000,84.66000000
0.99990000,84.66000000
0.12352600,84.66000000
0.97344371,84.65000000
1.64658111,84.65000000
0.49336133,84.65000000
0.11172003,84.65000000
0.22840402,84.65000000
0.10100000,84.65000000
0.20066534,84.65000000
0.10781061,84.65000000
0.34750000,84.65000000
0.50000000,84.65000000
17.35447540,84.65000000
0.56427054,84.66000000
32.64552460,84.65000000
0.50000000,84.65000000
10.00000000,84.65000000
0.36211382,84.65000000
0.10022000,84.65000000
4.89642600,84.65000000
0.14181823,84.60000000
0.20453150,84.60000000
0.18966636,84.60000000
0.19589674,84.60000000
0.16809717,84.60000000
0.10312175,84.60000000
0.17698051,84.60000000
4.00000000,84.60000000
20.00000000,84.60000000
45.72244694,84.60000000
1.00000000,84.61000000
0.56430000,84.60000000
1.00000000,84.61000000
8.00000000,84.61000000
0.10070000,84.61000000
0.00003000,84.61000000
0.14181823,84.65000000
0.05818177,84.65000000
0.14634973,84.65000000
0.05365027,84.65000000
0.11444690,84.65000000
0.19589674,84.65000000
0.18966636,84.65000000
0.10012000,84.65000000
21.31230346,84.66000000
2.03000000,84.66000000
8.00000000,84.66000000
22.70458765,84.67000000
0.11172003,84.70000000
0.20066534,84.70000000
0.34750000,84.70000000
0.10100000,84.70000000
0.22840402,84.70000000
0.10781061,84.70000000
0.10310000,84.70000000
20.00000000,84.71000000
4.99957889,84.72000000
0.00042111,84.72000000
1.00000000,84.73000000
0.49957889,84.73000000
0.00042111,84.73000000
8.49957889,84.74000000
0.00042111,84.74000000
0.32882139,84.75000000
0.67165750,84.75000000
0.00050271,84.75000000
0.10070000,84.75000000
1.89879729,84.76000000
0.10120271,84.76000000
0.21879729,84.76000000
0.10120271,84.76000000
0.26879729,84.76000000
0.10000000,84.77000000
0.10000000,84.78000000
2.11830000,84.78000000
0.29355230,84.76000000
1.41000000,84.76000000
0.20406230,84.80000000
0.04579982,84.80000000
10.00000000,84.79000000
0.09016957,84.79000000
0.44600113,84.80000000
0.01975252,84.80000000
0.16591578,84.80000000
0.11846845,84.80000000
0.10310000,84.80000000
0.15610222,84.80000000
0.35982484,84.79000000
0.20357516,84.79000000
0.17389778,84.80000000
0.33000000,84.80000000
0.05950222,84.80000000
7.30502484,84.79000000
0.36206345,84.79000000
0.09291171,84.79000000
0.33000000,84.80000000
0.11600113,84.80000000
0.10572139,84.80000000
0.00756829,84.79000000
0.09813171,84.75000000
0.27586126,84.76000000
0.10590000,84.75000000
0.21729484,84.76000000
0.00003059,84.75000000
0.49180095,84.75000000
0.11846845,84.75000000
0.18566830,84.75000000
0.35943174,84.75000000
0.09459997,84.75000000
0.00553003,84.75000000
0.21166997,84.70000000
0.14781549,84.71000000
0.11715142,84.70000000
0.67165750,84.70000000
1.00000000,84.70000000
0.10322172,84.70000000
0.10008000,84.70000000
0.10000000,84.70000000
0.34750000,84.65000000
0.10100000,84.65000000
0.11183064,84.65000000
0.20066534,84.65000000
0.22840402,84.65000000
0.10781061,84.65000000
0.32267875,84.65000000
0.22930469,84.66000000
1.46926600,84.66000000
0.54172469,84.66000000
1.00000000,84.66000000
0.21755151,84.66000000
5.79032548,84.66000000
0.75182763,84.66000000
0.10066000,84.66000000
0.20000000,84.66000000
9.99951237,84.66000000
0.00013389,84.66000000
0.10036611,84.66000000
0.95250000,84.65000000
0.16832400,84.65000000
0.16887500,84.65000000
0.00016389,84.66000000
0.21728495,84.70000000
0.01111907,84.70000000
0.34750000,84.70000000
0.10781061,84.70000000
0.10100000,84.70000000
0.20066534,84.70000000
0.11183064,84.70000000
1.00000000,84.70000000
0.10089000,84.70000000
0.37330864,84.72000000
0.13870000,84.72000000
1.12938612,84.72000000
0.10582122,84.72000000
1.13936925,84.72000000
1.00000000,84.71000000
0.12940000,84.71000000
0.56387092,84.72000000
0.29735001,84.72000000
1.70264999,84.72000000
1.10535298,84.71000000
5.48454702,84.71000000
6.30835001,84.72000000
1.19560000,84.72000000
26.57682647,84.72000000
3.40865298,84.71000000
6.35583234,84.71000000
0.10014000,84.71000000
0.38043841,84.71000000
0.25000000,84.70000000
0.39000000,84.67000000
0.38762225,84.65000000
5.09009204,84.65000000
0.20000000,84.65000000
0.25000000,84.65000000
17.26792198,84.65000000
0.27612175,84.72000000
23.14705178,84.72000000
10.93374822,84.72000000
0.27625218,84.68000000
3.03880303,84.65000000
2.11107112,84.65000000
0.10004000,84.68000000
0.17621218,84.70000000
1.12967642,84.71000000
0.44655131,84.71000000
1.13963829,84.70000000
1.00000000,84.70000000
7.03992921,84.69000000
0.36041072,84.69000000
0.10053000,84.69000000
1.53905928,84.66000000
0.10584621,84.70000000
1.38633867,84.70000000
0.10586983,84.69000000
1.49220000,84.65000000
1.13963829,84.69000000
1.49220000,84.69000000
1.00000000,84.65000000
2.26049060,84.66000000
25.09000387,84.65000000
0.21728495,84.65000000
0.22211541,84.65000000
0.20066534,84.65000000
0.10100000,84.65000000
0.35861907,84.65000000
0.11183064,84.65000000
0.10781061,84.65000000
0.36147132,84.65000000
0.10025000,84.65000000
0.10000000,84.65000000
0.50000000,84.63000000
0.10000000,84.62000000
0.14181823,84.60000000
0.14634973,84.60000000
0.11444690,84.60000000
0.19589674,84.60000000
0.18966636,84.60000000
0.10322187,84.60000000
0.25000000,84.60000000
1.00543736,84.60000000
1.00000000,84.57000000
11.65601924,84.57000000
0.24813895,84.63000000
0.78786030,84.63000000
0.70140000,84.62000000
4.30001711,84.63000000
0.29860000,84.62000000
0.50000000,84.62000000
0.10049000,84.62000000
0.36309631,84.62000000
0.15000000,84.58000000
0.16000000,84.58000000
0.55180000,84.55000000
0.44720000,84.55000000
2.00000000,84.55000000
0.25000000,84.55000000
0.97492262,84.53000000
0.73000000,84.53000000
0.84000000,84.53000000
0.20000000,84.53000000
0.41000000,84.52000000
0.23793350,84.50000000
0.10626110,84.50000000
0.10405402,84.50000000
0.45700000,84.50000000
0.10332213,84.50000000
0.25000000,84.50000000
0.10000000,84.50000000
15.09500000,84.50000000
0.17694584,84.49000000
0.47354091,84.47000000
17.98131199,84.47000000
3.71592079,84.47000000
0.78790000,84.53000000
0.23793350,84.55000000
0.10626110,84.55000000
0.10405402,84.55000000
0.45700000,84.55000000
0.09475138,84.55000000
0.00616862,84.55000000
0.09989046,84.60000000
0.45190954,84.60000000
0.44720000,84.60000000
0.10330000,84.60000000
0.99759046,84.60000000
1.70000000,84.59000000
0.12243746,84.60000000
4.58023616,84.60000000
11.66983682,84.60000000
4.94492797,84.59000000
0.10085000,84.60000000
2.21576389,84.62000000
0.99720242,84.61000000
0.56453728,84.62000000
6.00000000,84.61000000
6.00000000,84.62000000
0.10037000,84.61000000
0.73631111,84.61000000
1.00000000,84.59000000
1.00000000,84.59000000
0.55180000,84.55000000
0.44720000,84.55000000
2.16431889,84.55000000
0.29564806,84.56000000
2.37683390,84.56000000
0.10004000,84.55000000
0.50000000,84.53000000
0.20000000,84.52000000
0.10000000,84.52000000
0.33268488,84.50000000
0.10405402,84.50000000
0.45700000,84.50000000
0.10626110,84.50000000
0.10342225,84.50000000
0.50000000,84.50000000
3.51826900,84.50000000
0.10000000,84.48000000
0.13000000,84.48000000
13.51786875,84.48000000
0.33268488,84.55000000
0.16731512,84.55000000
0.28968488,84.55000000
0.10405402,84.55000000
0.10626110,84.55000000
0.10099000,84.55000000
0.38343100,84.58000000
0.15710411,84.58000000
0.22736689,84.58000000
0.38358300,84.58000000
18.01715011,84.58000000
0.10073000,84.58000000
1.04077000,84.58000000
12.58580000,84.57000000
7.18380000,84.57000000
0.10599638,84.58000000
0.21772961,84.58000000
0.53800892,84.57000000
1.14125518,84.58000000
2.72520114,84.58000000
10.06848002,84.58000000
0.46199108,84.57000000
5.15740000,84.57000000
0.10023000,84.57000000
0.74503670,84.57000000
0.50000000,84.53000000
3.10364222,84.53000000
0.10024000,84.53000000
0.77905300,84.51000000
2.52943481,84.51000000
0.13890000,84.52000000
0.92026650,84.51000000
0.80856299,84.51000000
0.50000000,84.51000000
0.50000000,84.51000000
0.99884109,84.51000000
0.31955718,84.52000000
0.56520521,84.52000000
0.78888567,84.52000000
0.27677514,84.52000000
0.14150000,84.52000000
1.14206535,84.52000000
0.10607163,84.52000000
0.21791186,84.52000000
0.10590000,84.51000000
0.44747865,84.52000000
1.00000000,84.51000000
0.10607163,84.52000000
0.44747865,84.52000000
1.57365091,84.52000000
1.57370000,84.51000000
0.26379600,84.51000000
0.98694871,84.51000000
4.57081420,84.51000000
45.42918580,84.51000000
1.00079348,84.52000000
2.72765464,84.52000000
0.10041000,84.52000000
10.73000000,84.52000000
1.00000000,84.52000000
1.00000000,84.56000000
0.11230398,84.57000000
1.00000000,84.58000000
42.27402405,84.59000000
18.10840976,84.58000000
1.06491312,84.58000000
10.72597595,84.59000000
5.98000000,84.59000000
0.10033000,84.59000000
1.00000000,84.59000000
0.55180000,84.60000000
0.44720000,84.60000000
1.00000000,84.60000000
0.10000000,84.60000000
0.10340000,84.60000000
0.99989405,84.60000000
0.00010595,84.60000000
1.00000000,84.63000000
1.00000000,84.63000000
2.00000000,84.63000000
0.19479405,84.63000000
0.10000000,84.60000000
0.00013982,84.63000000
0.13000000,84.63000000
0.14181823,84.65000000
0.18966636,84.65000000
0.19589674,84.65000000
0.11444690,84.65000000
0.14634973,84.65000000
0.08388222,84.65000000
14.91611778,84.65000000
1.10000000,84.65000000
0.09988222,84.65000000
0.00034778,84.65000000
1.00000000,84.65000000
0.10000000,84.66000000
0.10000000,84.66000000
2.00000000,84.66000000
2.00000000,84.67000000
0.21728495,84.70000000
0.11183064,84.70000000
0.10781061,84.70000000
0.20066534,84.70000000
0.35861907,84.70000000
0.10100000,84.70000000
0.10320000,84.70000000
0.50000000,84.72000000
0.90159600,84.74000000
0.90177600,84.74000000
0.29586961,84.74000000
0.21773153,84.74000000
0.23910000,84.73000000
0.21770000,84.74000000
9.76090000,84.73000000
25.00000000,84.73000000
0.10090000,84.73000000
0.00001000,84.73000000
2.34029000,84.73000000
0.00000692,84.73000000
0.10076000,84.73000000
1.00000000,84.71000000
0.56393748,84.71000000
0.91710026,84.70000000
22.23737944,84.70000000
0.10098000,84.70000000
0.35164056,84.70000000
0.00069585,84.70000000
0.10010000,84.70000000
0.20066534,84.65000000
0.11183064,84.65000000
0.21728495,84.65000000
0.10781061,84.65000000
0.10100000,84.65000000
0.35861907,84.65000000
0.50000000,84.62000000
0.14181823,84.60000000
0.18966636,84.60000000
0.14634973,84.60000000
0.19589674,84.60000000
0.11444690,84.60000000
0.10332199,84.60000000
0.99000000,84.60000000
0.04149483,84.60000000
4.29738790,84.61000000
0.56460400,84.61000000
0.55284386,84.61000000
0.20000000,84.60000000
0.10052000,84.60000000
0.35951038,84.60000000
0.99996962,84.60000000
0.00003038,84.60000000
0.10019000,84.60000000
0.55180000,84.55000000
0.44720000,84.55000000
0.47000000,84.54000000
0.10000000,84.54000000
1.73516350,84.54000000
2.00000000,84.55000000
0.03483650,84.54000000
0.10000000,84.54000000
0.10098000,84.54000000
0.15000000,84.53000000
0.66000000,84.53000000
0.17000000,84.53000000
0.11000000,84.53000000
0.50000000,84.53000000
0.55169681,84.52000000
3.73378524,84.53000000
2.31905656,84.53000000
0.56513834,84.53000000
1.10620000,84.53000000
1.02421761,84.53000000
1.44830319,84.52000000
1.00000000,84.52000000
0.74011477,84.52000000
40.21667355,84.52000000
0.38756999,84.52000000
0.10089000,84.52000000
0.33268488,84.50000000
0.16731512,84.50000000
0.28968488,84.50000000
0.10626110,84.50000000
0.10405402,84.50000000
12.17173052,84.50000000
1.31102907,84.50000000
0.09368891,84.50000000
1.14193024,84.51000000
0.00983346,84.50000000
0.10023000,84.50000000
1.11546685,84.50000000
0.58870245,84.51000000
3.48040887,84.51000000
0.36605753,84.50000000
0.10028000,84.50000000
0.20000000,84.48000000
0.99901840,84.45000000
0.25000000,84.45000000
0.27000000,84.44000000
0.24000000,84.44000000
1.05504407,84.42000000
3.48040000,84.45000000
0.21905027,84.45000000
0.11248743,84.45000000
0.66846230,84.45000000
0.11247308,84.44000000
0.11249170,84.44000000
0.11249426,84.44000000
0.11249791,84.44000000
4.64925094,84.44000000
0.11887551,84.43000000
0.35074906,84.44000000
0.10037000,84.44000000
0.13614152,84.45000000
0.21905167,84.45000000
0.19368775,84.45000000
0.00169165,84.45000000
0.15985649,84.45000000
0.11248573,84.45000000
0.18350662,84.45000000
0.15983745,84.45000000
0.18351865,84.45000000
0.11249156,84.45000000
0.10058000,84.45000000
0.15983456,84.46000000
5.00000000,84.46000000
0.14796908,84.47000000
0.21895751,84.48000000
0.11240905,84.49000000
0.99901840,84.50000000
9.03840000,84.50000000
0.57199993,84.51000000
0.96632920,84.51000000
10.00000000,84.50000000
0.10083000,84.50000000
0.50000000,84.46000000
0.99901840,84.45000000
0.75619595,84.44000000
13.64395565,84.44000000
0.14800085,84.44000000
0.56043754,84.44000000
0.75730000,84.44000000
0.15919927,84.44000000
2.01159773,84.43000000
1.52306319,84.44000000
0.10038000,84.44000000
0.21907308,84.44000000
0.15986672,84.44000000
0.11658164,84.44000000
0.24459027,84.44000000
0.20723078,84.44000000
0.34934717,84.44000000
0.11247794,84.44000000
0.08632792,84.44000000
0.02616436,84.44000000
0.11249485,84.44000000
0.13617517,84.44000000
0.21908434,84.44000000
0.00608128,84.44000000
0.20115809,84.44000000
0.01696022,84.44000000
0.32127950,84.43000000
0.20722996,84.44000000
0.12434146,84.44000000
0.11249745,84.44000000
0.12434714,84.44000000
0.13615948,84.44000000
0.13617330,84.44000000
0.20724550,84.44000000
0.13618466,84.44000000
0.10815144,84.44000000
0.15920000,84.43000000
0.69877270,84.43000000
0.06353369,84.44000000
0.11247513,84.44000000
0.11250224,84.44000000
0.11249561,84.44000000
0.18354097,84.44000000
0.10041000,84.44000000
0.11250301,84.44000000
0.34933265,84.44000000
0.13616214,84.44000000
0.21907665,84.44000000
0.21906843,84.44000000
0.11248206,84.44000000
0.16641742,84.45000000
0.00526709,84.45000000
0.15985427,84.45000000
0.11247795,84.45000000
0.11247818,84.45000000
0.11246502,84.45000000
0.11247306,84.45000000
0.13616588,84.45000000
0.14801234,84.45000000
0.10029000,84.45000000
0.11246744,84.46000000
0.02117989,84.47000000
0.32255070,84.46000000
0.20715544,84.47000000
0.12427060,84.47000000
0.17164662,84.47000000
0.18348611,84.47000000
0.17162502,84.47000000
0.45575866,84.47000000
0.14795419,84.47000000
0.17164557,84.47000000
0.21898607,84.47000000
0.21898864,84.47000000
35.04940009,84.47000000
1.99990000,84.46000000
0.11246280,84.47000000
0.12359946,84.47000000
0.07171834,84.47000000
0.14795559,84.47000000
0.11244783,84.47000000
0.11243970,84.47000000
0.00318206,84.47000000
0.14479407,84.47000000
0.17162526,84.47000000
0.11246270,84.47000000
0.11244003,84.47000000
0.01243808,84.47000000
0.14480000,84.46000000
0.10000185,84.47000000
0.04479815,84.47000000
0.35176086,84.47000000
0.11245383,84.47000000
0.40841797,84.47000000
0.18346336,84.47000000
0.14794886,84.47000000
0.12128066,84.47000000
0.06221416,84.47000000
0.12428905,84.47000000
0.11246336,84.47000000
0.14796278,84.47000000
0.11244828,84.47000000
0.14794770,84.47000000
0.17163234,84.47000000
0.07790122,84.47000000
0.95680000,84.46000000
0.05821663,84.47000000
0.04791779,84.47000000
0.10003570,84.47000000
0.11243526,84.47000000
0.21898411,84.47000000
0.11245174,84.47000000
0.11245516,84.47000000
0.34363803,84.47000000
0.27693897,84.47000000
0.18920868,84.47000000
0.11243528,84.47000000
0.11243784,84.47000000
0.05451820,84.47000000
0.06977165,84.47000000
0.21898028,84.47000000
0.40840114,84.47000000
0.33736969,84.47000000
0.21900383,84.47000000
0.34922865,84.47000000
0.11245274,84.47000000
0.11243199,84.47000000
0.17236003,84.47000000
2.00000000,84.46000000
0.70843839,84.46000000
0.01111701,84.47000000
0.11246025,84.47000000
0.11243854,84.47000000
0.12428615,84.47000000
0.23082997,84.47000000
0.18348562,84.47000000
0.19533174,84.47000000
0.21898782,84.47000000
0.12429741,84.47000000
0.14795327,84.47000000
0.11243482,84.47000000
0.27819500,84.47000000
0.11244263,84.47000000
0.07193977,84.47000000
0.06419618,84.47000000
0.11244575,84.47000000
0.17165775,84.47000000
0.11246578,84.47000000
0.13612144,84.47000000
0.15980191,84.47000000
0.20715728,84.47000000
0.11246194,84.47000000
0.70326250,84.47000000
3.00000000,84.47000000
0.11243885,84.47000000
0.16450012,84.47000000
0.65815699,84.46000000
0.00712931,84.47000000
0.13611493,84.47000000
0.23084900,84.47000000
0.19533451,84.47000000
0.12430401,84.47000000
0.11244281,84.47000000
0.23082580,84.47000000
0.11245994,84.47000000
0.11243202,84.47000000
0.13613956,84.47000000
0.23084228,84.47000000
0.20717155,84.47000000
0.11244198,84.47000000
0.11244220,84.47000000
0.11244242,84.47000000
0.19531176,84.47000000
0.31370063,84.47000000
0.18349121,84.47000000
0.32553081,84.47000000
0.11243194,84.47000000
0.20714729,84.47000000
0.11245998,84.47000000
0.11244469,84.47000000
0.09282832,84.47000000
0.91730000,84.46000000
0.33738594,84.47000000
0.18348771,84.47000000
0.13612550,84.47000000
0.15981014,84.47000000
0.12429564,84.47000000
0.01575396,84.47000000
0.10339045,84.46000000
0.25571856,84.46000000
0.20324440,84.47000000
0.11243551,84.47000000
0.17164140,84.47000000
0.18347575,84.47000000
0.11243830,84.47000000
0.15981701,84.47000000
0.10821542,84.47000000
0.00423027,84.47000000
0.11246506,84.47000000
0.11244581,84.47000000
0.13611344,84.47000000
0.11243329,84.47000000
0.11244613,84.47000000
0.18346765,84.47000000
0.11243105,84.47000000
0.13612746,84.47000000
0.12427824,84.47000000
0.11245096,84.47000000
0.11245353,84.47000000
0.12429206,84.47000000
0.11245888,84.47000000
0.11243524,84.47000000
0.14796184,84.47000000
0.23084819,84.47000000
0.18347017,84.47000000
0.10079000,84.47000000
0.11245990,84.47000000
0.12428484,84.47000000
0.11243819,84.47000000
0.11242137,84.48000000
0.18344719,84.49000000
0.99901840,84.50000000
20.00000000,84.51000000
0.60000000,84.51000000
0.10000000,84.52000000
2.00000000,84.52000000
50.00000000,84.53000000
1.00000000,84.53000000
0.33268488,84.55000000
0.10405402,84.55000000
0.16731512,84.55000000
0.10626110,84.55000000
0.28968488,84.55000000
2.00000000,84.55000000
1.00000000,84.56000000
0.50000000,84.56000000
33.74152372,84.58000000
18.27000000,84.57000000
0.11238242,84.51000000
0.12422755,84.51000000
0.14790771,84.51000000
0.10002000,84.51000000
0.18338530,84.51000000
0.14788601,84.51000000
0.17156618,84.51000000
0.23070875,84.51000000
0.18338617,84.51000000
0.17156234,84.51000000
0.18339366,84.51000000
0.11240523,84.51000000
0.13605643,84.51000000
0.18335612,84.52000000
0.18335655,84.53000000
0.17148604,84.54000000
0.19514306,84.55000000
0.11234174,84.56000000
0.04887130,84.56000000
0.19850056,84.55000000
0.10602145,84.56000000
0.15964214,84.56000000
0.17147063,84.56000000
0.11233813,84.56000000
0.11231697,84.56000000
0.12415722,84.56000000
0.20695278,84.56000000
0.11231228,84.56000000
0.21877037,84.56000000
0.11232094,84.56000000
0.15961918,84.56000000
0.13598016,84.56000000
0.11234157,84.56000000
0.21877594,84.56000000
0.19510144,84.56000000
0.19509728,84.56000000
0.18328418,84.56000000
0.23058788,84.56000000
0.11233121,84.56000000
0.32517795,84.56000000
0.19510712,84.56000000
0.11231102,84.56000000
0.21875822,84.56000000
0.18329948,84.56000000
0.19509506,84.56000000
0.08305085,84.56000000
0.20693573,84.56000000
0.15962393,84.56000000
0.11234108,84.56000000
0.13597829,84.56000000
0.15964445,84.56000000
0.10029000,84.56000000
0.11233788,84.56000000
0.13596333,84.56000000
0.43162807,84.56000000
0.23058995,84.56000000
0.10000000,84.57000000
0.23052685,84.58000000
0.18000000,84.59000000
0.02201689,84.59000000
10.00000000,84.58000000
11.19000000,84.58000000
0.00630000,84.58000000
0.79500000,84.58000000
1.10241414,84.58000000
2.30286572,84.58000000
0.18328371,84.56000000
0.17144859,84.56000000
0.11231610,84.56000000
0.11234324,84.56000000
1.42060836,84.56000000
3.88312781,84.55000000
15.09500704,84.55000000
0.52313556,84.55000000
11.00000000,84.55000000
1.00000000,84.55000000
0.09872959,84.55000000
5.79717308,84.56000000
0.44726698,84.56000000
0.56493785,84.56000000
0.50610241,84.56000000
1.26451968,84.56000000
0.11234550,84.56000000
0.35093482,84.56000000
49.64906518,84.56000000
0.11231109,84.56000000
0.18326631,84.56000000
0.17146925,84.56000000
0.21874718,84.56000000
1.36000000,84.56000000
0.19510283,84.56000000
0.13599149,84.56000000
0.14781838,84.56000000
0.11231582,84.56000000
0.27789958,84.56000000
0.23057036,84.56000000
0.11232460,84.56000000
0.12415129,84.56000000
0.10002000,84.56000000
0.13597006,84.56000000
0.20693725,84.56000000
0.11231630,84.56000000
0.11231886,84.56000000
0.15964339,84.56000000
0.11232026,84.56000000
0.12415871,84.56000000
0.11230946,84.57000000
88.76500000,84.57000000
0.11228579,84.58000000
0.21869500,84.58000000
3.33835100,84.58000000
0.11227476,84.59000000
0.33691761,84.59000000
0.20686247,84.59000000
0.35000000,84.59000000
7.65500000,84.59000000
0.44720000,84.60000000
0.55180000,84.60000000
0.10350000,84.60000000
1.00000000,84.60000000
1.00000000,84.60000000
15.45089053,84.60000000
15.07257939,84.56000000
0.11233643,84.56000000
0.18327989,84.56000000
0.13596808,84.56000000
0.11231228,84.56000000
0.11231068,84.56000000
0.23060143,84.56000000
0.07503290,84.56000000
0.09643658,84.56000000
0.06253677,84.56000000
0.31876042,84.55000000
0.55180000,84.55000000
0.44720000,84.55000000
1.68223958,84.55000000
0.33360408,84.56000000
0.17145196,84.56000000
0.19512486,84.56000000
0.20692044,84.56000000
0.21874892,84.56000000
0.13599590,84.56000000
0.09913512,84.56000000
0.11963284,84.56000000
0.25424957,84.56000000
0.11231799,84.56000000
0.07873745,84.56000000
0.12821058,84.56000000
0.11233146,84.56000000
0.11233510,84.56000000
0.14779993,84.56000000
0.11232580,84.56000000
0.12415429,84.56000000
0.21877560,84.56000000
0.11233962,84.56000000
0.18329228,84.56000000
0.39613772,84.56000000
0.11231270,84.56000000
0.20691890,84.56000000
0.15964814,84.56000000
0.11231692,84.56000000
0.11232205,84.56000000
0.11233691,84.56000000
0.15963515,84.56000000
0.12415686,84.56000000
3.04982307,84.56000000
0.44726698,84.56000000
0.13599637,84.56000000
0.19512739,84.56000000
0.21876064,84.56000000
0.21876075,84.56000000
5.60829230,84.56000000
3.16840584,84.56000000
0.10000000,84.56000000
0.21170000,84.56000000
1.13152308,84.56000000
0.31776042,84.55000000
0.33646933,84.55000000
0.35626164,84.55000000
0.12110861,84.55000000
0.25544636,84.55000000
0.43872541,84.55000000
0.18471962,84.55000000
0.35860547,84.55000000
0.38251250,84.55000000
0.07416241,84.55000000
0.11233910,84.56000000
0.11233912,84.56000000
0.18326804,84.56000000
0.13596296,84.56000000
0.18327702,84.56000000
0.19510456,84.56000000
0.11234394,84.56000000
0.11231102,84.56000000
0.15964838,84.56000000
0.11233657,84.56000000
0.11233262,84.56000000
0.19510596,84.56000000
0.18329286,84.56000000
0.11234117,84.56000000
0.11234224,84.56000000
0.11231435,84.56000000
0.01650393,84.56000000
0.21407072,84.56000000
0.06257350,84.56000000
0.36035404,84.55000000
0.10083000,84.55000000
1.80191596,84.53000000
0.13601438,84.54000000
0.13598611,84.55000000
0.20350478,84.56000000
0.18329853,84.56000000
0.11232324,84.56000000
0.11231705,84.56000000
0.19512020,84.56000000
1.51863571,84.56000000
0.33708649,84.54000000
0.11235628,84.55000000
1.55055723,84.56000000
0.23064042,84.54000000
0.17148613,84.54000000
0.11236628,84.54000000
0.13600650,84.54000000
0.10094000,84.54000000
0.15965390,84.54000000
0.11236906,84.54000000
0.15967432,84.54000000
0.12418923,84.54000000
0.11236158,84.54000000
0.09693611,84.54000000
0.01540954,84.54000000
0.11235324,84.54000000
0.11234321,84.54000000
0.10041000,84.54000000
0.11233904,84.54000000
0.23061293,84.55000000
1.57981826,84.56000000
0.68340000,84.55000000
1.57980000,84.53000000
0.19516787,84.54000000
0.08154179,84.54000000
0.07814099,84.54000000
0.11236256,84.54000000
0.18331243,84.54000000
0.11236599,84.54000000
0.11235679,84.54000000
0.13599896,84.54000000
0.20697192,84.54000000
0.11234387,84.54000000
0.07793726,84.54000000
1.13180000,84.53000000
0.25550680,84.53000000
0.12905529,84.54000000
0.08880502,84.54000000
0.02355489,84.54000000
0.11233876,84.54000000
0.11236731,84.54000000
0.11235246,84.54000000
0.20697261,84.54000000
0.11233763,84.54000000
0.41991845,84.54000000
0.43171704,84.54000000
0.10042000,84.54000000
0.10051000,84.54000000
0.18332055,84.54000000
0.11236384,84.54000000
0.19515024,84.54000000
0.04037547,84.54000000
4.00000000,84.53000000
0.10380000,84.54000000
0.49408453,84.54000000
0.15966986,84.54000000
0.10043000,84.54000000
0.11234942,84.54000000
0.11237048,84.54000000
0.04519217,84.54000000
0.14995947,84.54000000
0.19516960,84.54000000
0.17149645,84.54000000
0.15966549,84.54000000
0.13602088,84.54000000
0.11236451,84.54000000
0.20699812,84.54000000
0.01012064,84.54000000
0.50000000,84.53000000
9.75000000,84.53000000
0.10223158,84.54000000
0.12417913,84.54000000
0.21880344,84.54000000
0.11235255,84.54000000
0.11235534,84.54000000
0.12416684,84.54000000
0.14783188,84.54000000
0.10055000,84.54000000
0.11234957,84.54000000
0.71000000,84.54000000
0.63000000,84.54000000
0.15965483,84.54000000
0.19514270,84.54000000
0.14785519,84.54000000
0.19515650,84.54000000
0.21882826,84.54000000
0.11236294,84.54000000
0.19514896,84.55000000
0.10000000,84.55000000
0.71000000,84.55000000
0.51571460,84.55000000
0.50000000,84.53000000
0.11235922,84.54000000
0.18334212,84.54000000
0.25430888,84.54000000
0.10084000,84.54000000
0.20697306,84.54000000
0.18332183,84.54000000
0.19512552,84.55000000
0.15964072,84.56000000
1.00000000,84.57000000
0.50336092,84.58000000
0.20999000,84.58000000
0.14774033,84.59000000
36.73556967,84.59000000
0.20000000,84.60000000
0.15000000,84.59000000
1.12000000,84.59000000
3.00000000,84.59000000
0.10024000,84.59000000
1.45306000,84.58000000
1.10000000,84.57000000
0.89000000,84.57000000
0.20000000,84.57000000
8.46499134,84.57000000
0.13595468,84.58000000
0.11229006,84.58000000
0.75175526,84.58000000
0.11000000,84.57000000
0.10011000,84.57000000
0.20000000,84.55000000
0.58989000,84.55000000
0.20690370,84.57000000
0.12411704,84.58000000
0.11228243,84.59000000
0.24720000,84.60000000
0.30959683,84.60000000
0.11232860,84.56000000
0.14779797,84.57000000
0.18327326,84.57000000
0.21867237,84.59000000
0.24220317,84.60000000
0.31323545,84.60000000
0.11226518,84.60000000
0.20684877,84.60000000
0.11226647,84.60000000
0.11227181,84.60000000
0.23046850,84.60000000
0.20684493,84.60000000
0.20000000,84.60000000
1.00000000,84.61000000
0.10000000,84.62000000
0.38000000,84.62000000
0.44000000,84.62000000
0.28000000,84.62000000
0.23000000,84.62000000
0.99556025,84.64000000
0.14775386,84.59000000
0.19502721,84.59000000
0.15956150,84.59000000
0.11229003,84.60000000
0.14774442,84.60000000
0.17135060,84.61000000
0.11224053,84.62000000
0.11223538,84.63000000
9.00443975,84.64000000
0.11223130,84.64000000
0.14634973,84.65000000
0.18966636,84.65000000
0.11444690,84.65000000
0.19589674,84.65000000
0.14181823,84.65000000
0.52307261,84.65000000
0.11225134,84.62000000
88.61800000,84.63000000
0.14766125,84.64000000
0.47692739,84.65000000
3.27798000,84.66000000
2.00000000,84.68000000
15.76703555,84.68000000
0.78817829,84.68000000
0.14762943,84.67000000
2.11392971,84.67000000
1.00000000,84.64000000
0.10033000,84.64000000
0.18966636,84.60000000
0.14181823,84.60000000
0.11444690,84.60000000
0.19589674,84.60000000
0.14634973,84.60000000
0.26239204,84.58000000
0.40417690,84.61000000
0.12150000,84.61000000
0.04985108,84.61000000
0.06198779,84.61000000
0.15663636,84.61000000
0.11227307,84.61000000
0.21864455,84.61000000
0.20680297,84.61000000
0.11225215,84.61000000
0.18319160,84.61000000
0.11226080,84.61000000
0.11224468,84.61000000
0.14772081,84.61000000
0.11225333,84.61000000
0.21863933,84.61000000
0.18318360,84.61000000
0.19499420,84.61000000
0.39591448,84.61000000
0.21864479,84.61000000
0.19497926,84.61000000
0.11227930,84.61000000
0.10033000,84.61000000
0.18317827,84.61000000
0.21860653,84.62000000
0.11225273,84.63000000
0.18311127,84.64000000
0.18309124,84.65000000
0.14181823,84.65000000
0.18966636,84.65000000
0.11444690,84.65000000
0.19589674,84.65000000
0.14634973,84.65000000
0.23031593,84.66000000
0.00802079,84.66000000
0.11220501,84.65000000
0.17603586,84.65000000
0.89244170,84.64000000
0.10755830,84.62000000
10.97450000,84.63000000
10.00000000,84.63000000
0.17130989,84.63000000
4.12000000,84.63000000
84.61463974,84.63000000
0.11222151,84.63000000
0.13586138,84.63000000
0.11220654,84.64000000
0.03069153,84.65000000
0.23035751,84.65000000
0.17125846,84.66000000
0.11217884,84.66000000
0.11000000,84.66000000
0.10000000,84.66000000
0.11218912,84.67000000
1.03379275,84.68000000
2.26080000,84.62000000
0.13586278,84.63000000
0.11222089,84.63000000
0.45491524,84.63000000
0.06720109,84.63000000
0.76990000,84.62000000
0.41031865,84.62000000
1.51362392,84.62000000
0.12776269,84.63000000
0.15951642,84.63000000
0.19494873,84.63000000
0.15950137,84.63000000
0.11222197,84.63000000
0.12406353,84.63000000
0.23040335,84.63000000
0.11224952,84.63000000
0.13588244,84.63000000
0.11224120,84.63000000
0.11222615,84.63000000
0.18313207,84.63000000
0.15995056,84.63000000
0.10013000,84.62000000
0.52922809,84.61000000
0.15954695,84.61000000
0.02316646,84.63000000
0.14766967,84.63000000
0.11222231,84.63000000
0.12404614,84.63000000
0.23038853,84.63000000
0.12406409,84.63000000
0.23038875,84.63000000
0.11222043,84.63000000
0.15948884,84.63000000
0.11223443,84.64000000
10.04445638,84.64000000
1.92390000,84.63000000
0.10595880,84.64000000
0.04171472,84.64000000
0.11223986,84.64000000
0.36033637,84.64000000
0.11222812,84.64000000
0.21854769,84.64000000
0.15501378,84.64000000
0.34737439,84.64000000
0.10090000,84.64000000
0.05744711,84.64000000
0.14927965,84.64000000
0.06082035,84.64000000
0.15772629,84.64000000
0.10060000,84.64000000
0.10966653,84.64000000
0.18140000,84.63000000
2.00000000,84.63000000
0.00256257,84.64000000
0.17130283,84.64000000
0.15949098,84.64000000
0.24220198,84.64000000
0.11221994,84.64000000
0.21853866,84.64000000
0.11222528,84.64000000
0.12404676,84.64000000
0.19491804,84.64000000
0.11223415,84.64000000
0.11220778,84.64000000
0.13585585,84.64000000
0.11221409,84.64000000
0.11221751,84.64000000
0.10078000,84.64000000
0.11220227,84.65000000
0.17128167,84.65000000
0.13583853,84.65000000
0.11218143,84.66000000
0.13580744,84.66000000
0.21851193,84.66000000
0.23028988,84.67000000
0.13579035,84.67000000
5.20158395,84.67000000
6.00000000,84.66000000
0.64646650,84.67000000
0.27628481,84.67000000
1.14004208,84.67000000
0.21752581,84.67000000
3.47383197,84.67000000
1.00489639,84.67000000
0.10588371,84.67000000
4.99890000,84.67000000
0.56420390,84.67000000
1.14004208,84.67000000
0.10303786,84.67000000
2.31522205,84.67000000
1.14004208,84.67000000
0.70000000,84.66000000
0.10000000,84.67000000
0.10588371,84.67000000
1.21658090,84.66000000
1.48338718,84.66000000
12.03734881,84.66000000
0.04168311,84.66000000
2.35504658,84.67000000
21.11110652,84.67000000
0.66787193,84.67000000
0.12400777,84.67000000
0.11219760,84.67000000
0.18305936,84.67000000
0.18306108,84.67000000
0.13581789,84.67000000
0.20666557,84.67000000
0.11219775,84.67000000
0.23030131,84.67000000
0.09227966,84.67000000
0.10256641,84.67000000
0.13581164,84.67000000
0.02162195,84.67000000
0.09056868,84.67000000
0.11216534,84.67000000
0.11217067,84.67000000
0.23027989,84.67000000
0.12397697,84.67000000
0.20666337,84.67000000
0.11219651,84.67000000
0.13582009,84.67000000
0.11218830,84.67000000
0.17123149,84.67000000
0.21846434,84.67000000
0.33656854,84.67000000
0.11217669,84.67000000
0.11216944,84.67000000
0.11217723,84.67000000
0.20118245,84.67000000
22.00000000,84.67000000
0.95831689,84.66000000
0.78669729,84.66000000
45.42630134,84.66000000
0.83000000,84.66000000
10.00000000,84.66000000
34.41189552,84.66000000
2.06843425,84.67000000
0.62883880,84.67000000
0.27628481,84.67000000
6.13702481,84.67000000
0.12440000,84.66000000
1.03730000,84.67000000
2.15540422,84.66000000
1.14004208,84.67000000
2.89482081,84.67000000
0.63586257,84.67000000
30.72399343,84.67000000
0.11216583,84.67000000
1.00000000,84.67000000
15.71947756,84.67000000
14.78692719,84.67000000
0.09743599,84.67000000
0.35255399,84.67000000
61.92118132,84.67000000
0.09881868,84.67000000
0.00137132,84.67000000
1.78501974,84.68000000
3.01000000,84.68000000
0.27625234,84.68000000
32.66000000,84.68000000
0.21750012,84.68000000
0.98520004,84.67000000
0.21130000,84.68000000
14.25092121,84.68000000
0.11217707,84.68000000
0.10070000,84.68000000
0.10000000,84.69000000
0.21844261,84.69000000
0.15939565,84.69000000
0.23022551,84.69000000
0.15937885,84.69000000
0.12395545,84.69000000
0.20663215,84.69000000
0.11216925,84.69000000
0.13577017,84.69000000
0.20662427,84.69000000
0.11215412,84.69000000
0.21841679,84.69000000
0.11216555,84.69000000
0.11217345,84.69000000
0.20066534,84.70000000
0.21728495,84.70000000
0.10100000,84.70000000
0.10781061,84.70000000
0.11183064,84.70000000
0.35861907,84.70000000
0.10330000,84.70000000
0.23021141,84.70000000
0.11212793,84.70000000
0.18297110,84.70000000
0.15937820,84.70000000
0.11215518,84.70000000
0.10433129,84.70000000
1.60190000,84.69000000
0.03141221,84.70000000
0.14754849,84.70000000
0.17118483,84.70000000
0.09648762,84.70000000
0.09828211,84.70000000
0.23020817,84.70000000
0.05929923,84.70000000
0.06463706,84.70000000
0.10013000,84.70000000
0.10000000,84.70000000
0.46503294,84.71000000
0.12346767,84.71000000
4.68772489,84.71000000
1.13950376,84.71000000
0.19980372,84.71000000
2.31416006,84.71000000
1.18471084,84.70000000
0.21742310,84.71000000
1.13950376,84.71000000
0.62266874,84.71000000
2.66287498,84.71000000
2.66280000,84.70000000
20.49570000,84.70000000
1.13950376,84.71000000
0.15869184,84.71000000
1.00000000,84.71000000
0.11150000,84.70000000
0.10583372,84.71000000
2.60414372,84.71000000
7.87022273,84.71000000
0.32901248,84.71000000
0.19393059,84.71000000
0.16535490,84.70000000
2.42900000,84.70000000
0.56393748,84.71000000
0.90444156,84.71000000
0.84584749,84.71000000
19.58650125,84.71000000
0.10083000,84.71000000
0.10044000,84.71000000
3.35985974,84.71000000
0.14014026,84.71000000
0.10042000,84.71000000
0.12389945,84.73000000
0.18291949,84.73000000
0.13570933,84.73000000
0.11209684,84.73000000
0.35993750,84.73000000
0.11210804,84.73000000
0.18291833,84.73000000
0.11209920,84.73000000
0.16421702,84.73000000
0.05410300,84.73000000
0.18291450,84.73000000
0.05656945,84.73000000
1.00000000,84.73000000
3.52914995,84.73000000
0.11168047,84.73000000
0.25000000,84.73000000
2.31358257,84.73000000
0.64212440,84.72000000
1.62210930,84.72000000
1.17668945,84.73000000
0.17039786,84.73000000
0.56380437,84.73000000
1.76000000,84.73000000
2.66130694,84.73000000
9.56129864,84.73000000
2.66593000,84.73000000
0.09477136,84.73000000
0.00620864,84.73000000
2.00000000,84.74000000
0.34689327,84.74000000
0.10004000,84.74000000
0.21166997,84.75000000
0.11715142,84.75000000
0.67165750,84.75000000
2.20000000,84.75000000
0.10000000,84.75000000
0.10000000,84.75000000
0.54991648,84.75000000
2.57414990,84.75000000
0.85718898,84.75000000
46.01874464,84.75000000
0.25000000,84.75000000
0.10086000,84.75000000
0.10000000,84.76000000
0.14745086,84.76000000
0.39521169,84.76000000
0.21822266,84.77000000
0.12384007,84.77000000
0.13562838,84.77000000
0.15923592,84.77000000
0.18284345,84.77000000
0.11204909,84.77000000
0.11204745,84.77000000
0.13564722,84.77000000
0.19463653,84.77000000
0.11205599,84.77000000
0.11205184,84.77000000
0.14745441,84.77000000
0.11206336,84.77000000
0.19463836,84.77000000
0.43054977,84.77000000
0.10000000,84.78000000
5.00000000,84.78000000
0.20640293,84.78000000
0.14744013,84.78000000
0.11202289,84.78000000
0.11201381,84.79000000
0.14656006,84.79000000
0.07159611,84.79000000
0.20637384,84.79000000
0.11200850,84.79000000
0.11200946,84.79000000
5.80366171,84.79000000
0.20403171,84.80000000
0.49183154,84.80000000
0.18566830,84.80000000
0.11846845,84.80000000
0.10320000,84.80000000
0.03576594,84.80000000
0.21423406,84.80000000
0.49000000,84.80000000
4.36122992,84.80000000
0.69381864,84.80000000
0.27586126,84.80000000
1.65540000,84.79000000
3.46850652,84.80000000
0.32866329,84.80000000
0.32840000,84.79000000
0.87192037,84.80000000
0.10000000,84.80000000
0.11201137,84.80000000
0.20636221,84.80000000
0.21815573,84.80000000
0.15918036,84.80000000
0.18275345,84.80000000
0.11199618,84.80000000
0.14739379,84.80000000
0.11202027,84.80000000
0.08987904,84.80000000
0.02212857,84.80000000
0.10016000,84.80000000
0.09490377,84.80000000
0.01712419,84.80000000
0.11201401,84.80000000
0.11199291,84.80000000
0.08756889,84.80000000
0.21814811,84.80000000
0.11199995,84.80000000
0.18277204,84.80000000
0.26530269,84.80000000
0.15917819,84.80000000
0.10093000,84.80000000
0.12381970,84.80000000
2.00000000,84.81000000
0.47164674,84.81000000
0.11198112,84.81000000
0.12378486,84.81000000
0.19454643,84.81000000
1.00000000,84.82000000
0.14736460,84.82000000
0.11199123,84.82000000
0.19451138,84.82000000
0.11197270,84.83000000
0.42000000,84.83000000
0.36000000,84.83000000
0.13000000,84.83000000
0.13000000,84.83000000
0.11195686,84.84000000
0.39263132,84.85000000
0.30913846,84.85000000
0.28076097,84.85000000
0.25000000,84.85000000
2.00000000,84.86000000
1.82755918,84.87000000
0.17244082,84.87000000
0.11190919,84.87000000
2.98760151,84.87000000
6.35746898,84.87000000
0.18000000,84.87000000
0.18000000,84.87000000
0.14000000,84.87000000
0.18260767,84.87000000
0.14727419,84.87000000
0.11192581,84.87000000
0.11190324,84.87000000
7.01300000,84.87000000
27.17700687,84.87000000
0.11192773,84.87000000
0.22976214,84.87000000
0.22118446,84.87000000
0.38819554,84.87000000
0.19437967,84.87000000
0.20619189,84.87000000
0.11191923,84.87000000
0.11192234,84.87000000
0.12370232,84.87000000
0.18261181,84.87000000
0.26509196,84.87000000
2.41598524,84.87000000
0.85000000,84.87000000
0.94399476,84.87000000
0.11190897,84.87000000
0.07148630,84.87000000
1.18460000,84.86000000
0.07576500,84.87000000
0.18261875,84.87000000
0.11191696,84.87000000
0.19440926,84.87000000
0.45845276,84.87000000
6.83160000,84.86000000
5.14432387,84.86000000
0.36000000,84.86000000
1.05703019,84.86000000
0.38331100,84.86000000
0.65068942,84.86000000
23.10399223,84.87000000
0.49931058,84.86000000
0.10057000,84.86000000
0.39289377,84.86000000
10.00000000,84.86000000
0.40272565,84.86000000
0.00024232,84.86000000
1.09515768,84.86000000
0.00025856,84.86000000
0.10034144,84.86000000
0.00009856,84.86000000
187.40870144,84.85000000
12.59129856,84.85000000
0.99970144,84.85000000
0.00029856,84.85000000
0.09970144,84.85000000
2.06830000,84.86000000
0.61552321,84.86000000
0.00043856,84.85000000
1.13748955,84.81000000
0.17070000,84.80000000
0.29049423,84.81000000
0.32862453,84.81000000
0.13843846,84.80000000
0.19016154,84.80000000
0.20246978,84.80000000
0.28076097,84.80000000
0.24785726,84.80000000
0.10078000,84.80000000
1.17000000,84.77000000
0.20403171,84.75000000
0.11846845,84.75000000
0.18566830,84.75000000
0.48572062,84.75000000
0.00611092,84.75000000
1.10000000,84.75000000
6.50000000,84.75000000
7.14088908,84.75000000
0.32860000,84.76000000
0.10048000,84.75000000
0.20000000,84.75000000
7.36952000,84.75000000
9.25800647,84.72000000
0.10582122,84.72000000
9.75100000,84.71000000
0.10017000,84.71000000
0.10000000,84.71000000
1.00000000,84.70000000
1.00000000,84.70000000
0.11715142,84.70000000
0.67165750,84.70000000
0.21217268,84.70000000
0.10332184,84.70000000
0.10054000,84.70000000
0.25783213,84.70000000
2.00000000,84.69000000
0.10037000,84.69000000
1.77032830,84.68000000
1.00000000,84.68000000
0.20066534,84.65000000
0.35861907,84.65000000
0.10781061,84.65000000
0.11183064,84.65000000
0.10100000,84.65000000
0.21728495,84.65000000
0.30000000,84.65000000
0.60000000,84.65000000
15.71099378,84.65000000
0.50000000,84.61000000
0.18966636,84.60000000
0.14634973,84.60000000
0.19589674,84.60000000
0.11444690,84.60000000
0.14181823,84.60000000
0.10342210,84.60000000
0.30000000,84.60000000
1.00000000,84.58000000
0.54000000,84.56000000
0.24720000,84.55000000
0.30959683,84.55000000
0.20000000,84.55000000
0.24220317,84.55000000
1.07150000,84.55000000
0.30000000,84.55000000
9.99645139,84.54000000
7.00000000,84.54000000
80.48097724,84.53000000
25.00000000,84.53000000
2.00000000,84.53000000
7.34260184,84.53000000
1.26482824,84.54000000
0.87549400,84.55000000
0.20000000,84.54000000
0.06486823,84.54000000
1.00000000,84.55000000
0.74442077,84.54000000
0.27032060,84.54000000
0.10000000,84.54000000
0.03046021,84.54000000
0.32963509,84.55000000
0.11569788,84.55000000
0.11234127,84.55000000
0.11235413,84.55000000
0.21880529,84.55000000
0.58241767,84.55000000
0.13231523,84.54000000
0.15960000,84.54000000
0.70808477,84.54000000
0.10082000,84.54000000
0.27032060,84.54000000
4.75239310,84.53000000
2.89892936,84.54000000
0.21783454,84.54000000
1.00000000,84.53000000
0.23551511,84.54000000
0.21786031,84.54000000
1.00000000,84.54000000
1.51370000,84.54000000
0.72984969,84.54000000
2.15047309,84.54000000
0.15901095,84.54000000
0.61871376,84.53000000
0.27109946,84.53000000
0.11018678,84.53000000
4.00310353,84.53000000
0.36097863,84.54000000
0.18332670,84.54000000
0.21881052,84.54000000
0.11234482,84.54000000
1.12463933,84.54000000
0.48268240,84.54000000
0.48260000,84.53000000
0.50744673,84.53000000
0.48268240,84.54000000
1.22450654,84.53000000
1.17710478,84.54000000
1.13179077,84.54000000
1.14179516,84.54000000
0.35321382,84.54000000
3.47917380,84.54000000
1.98813629,84.54000000
0.27931460,84.53000000
1.00000000,84.53000000
0.28531062,84.53000000
0.28858975,84.53000000
0.10003000,84.53000000
0.41777546,84.52000000
0.21786031,84.54000000
0.32967408,84.53000000
0.20312592,84.53000000
0.36201242,84.53000000
0.15600000,84.52000000
0.56513834,84.53000000
2.70016749,84.53000000
3.29988077,84.53000000
2.00000000,84.53000000
1.00000000,84.53000000
0.62622454,84.52000000
0.35527546,84.52000000
1.00000000,84.53000000
0.22291712,84.52000000
1.95670610,84.52000000
2.00000000,84.53000000
6.09578893,84.52000000
0.90359512,84.52000000
0.96477273,84.53000000
0.91760000,84.52000000
1.04140365,84.53000000
0.96480000,84.53000000
1.77032920,84.52000000
8.10638080,84.53000000
10.91964465,84.53000000
0.67881638,84.53000000
1.13192467,84.53000000
0.21788608,84.53000000
3.00000000,84.53000000
0.68985778,84.52000000
4.08226249,84.52000000
2.00000000,84.53000000
0.23554298,84.53000000
0.42883421,84.52000000
0.30722997,84.53000000
0.25960000,84.52000000
2.50000000,84.52000000
0.30720000,84.53000000
0.21788608,84.53000000
1.00000000,84.52000000
5.38506703,84.52000000
5.89850000,84.53000000
0.84764866,84.53000000
0.25237222,84.53000000
0.02437018,84.53000000
5.38510000,84.52000000
0.14716034,84.53000000
0.13602662,84.53000000
0.14785630,84.53000000
0.17153087,84.53000000
0.20700552,84.53000000
0.15967949,84.53000000
0.14786060,84.53000000
0.17153538,84.53000000
0.13604214,84.53000000
0.19519488,84.53000000
0.13601350,84.53000000
0.23068449,84.53000000
0.15967299,84.53000000
0.20701539,84.53000000
0.11237155,84.53000000
0.11236235,84.53000000
0.56791292,84.53000000
42.53539950,84.53000000
0.16599800,84.52000000
0.10057000,84.53000000
2.89963000,84.53000000
0.35325561,84.54000000
30.03988080,84.52000000
0.27670966,84.53000000
0.30000000,84.53000000
5.41765338,84.52000000
0.15967589,84.53000000
0.19517258,84.53000000
0.12418545,84.53000000
0.08610442,84.53000000
0.02625808,84.53000000
0.17150348,84.53000000
0.07898084,84.53000000
0.05704008,84.53000000
0.11236175,84.53000000
0.11237458,84.53000000
0.11238496,84.53000000
0.11236732,84.53000000
0.20702154,84.53000000
0.24248839,84.53000000
0.11237045,84.53000000
0.11235560,84.53000000
0.10009000,84.53000000
0.84717183,84.54000000
0.42388319,84.54000000
2.32137608,84.53000000
0.67862392,84.53000000
0.32967408,84.54000000
11.59708908,84.54000000
0.20000000,84.53000000
0.20000000,84.53000000
0.24140005,84.54000000
8.92137608,84.53000000
0.53285000,84.53000000
2.13199709,84.53000000
0.10066000,84.53000000
5.57311683,84.52000000
11.59846103,84.53000000
2.23570000,84.53000000
0.87570100,84.53000000
1.18854444,84.53000000
0.36502687,84.53000000
1.13192467,84.53000000
0.44742571,84.53000000
1.07530489,84.53000000
0.86370000,84.52000000
0.65458371,84.52000000
1.19000000,84.52000000
1.00750241,84.53000000
3.85778591,84.52000000
0.21788608,84.53000000
0.15000000,84.52000000
20.71254051,84.52000000
0.10019000,84.52000000
0.25758290,84.52000000
0.27046204,84.52000000
0.28469689,84.52000000
0.10405402,84.50000000
0.16731512,84.50000000
0.28968488,84.50000000
0.33268488,84.50000000
0.10626110,84.50000000
1.00000000,84.50000000
0.10362249,84.50000000
0.30000000,84.50000000
0.09090517,84.50000000
0.76524982,84.51000000
0.00909483,84.50000000
0.10012000,84.50000000
1.00000000,84.48000000
0.47354091,84.47000000
0.99901840,84.45000000
0.30000000,84.45000000
2.11822586,84.43000000
3.55704870,84.43000000
0.20000000,84.43000000
0.09295130,84.43000000
0.56574069,84.44000000
0.00784870,84.43000000
0.10000000,84.43000000
2.17160360,84.42000000
1.87048584,84.42000000
3.00000000,84.43000000
1.90360000,84.43000000
0.42438524,84.43000000
0.26853174,84.42000000
0.21936826,84.42000000
0.10076000,84.42000000
0.46782888,84.42000000
0.49989345,84.42000000
0.64947878,84.43000000
2.26664852,84.43000000
1.76778078,84.43000000
0.43617044,84.43000000
0.03227767,84.42000000
0.39192233,84.42000000
0.27707017,84.43000000
1.19480000,84.42000000
1.00009251,84.43000000
2.00000000,84.43000000
1.00092511,84.42000000
1.13326533,84.43000000
0.10618470,84.43000000
0.10610000,84.42000000
0.21814415,84.43000000
10.32384860,84.43000000
0.10086000,84.43000000
0.10000000,84.43000000
5.00000000,84.43000000
0.89588792,84.43000000
0.14286071,84.42000000
1.00000000,84.43000000
0.12411208,84.43000000
0.10067000,84.43000000
0.21661792,84.44000000
2.00000000,84.44000000
0.18490873,84.43000000
1.00000000,84.43000000
0.29239738,84.43000000
0.10617212,84.44000000
0.27703736,84.44000000
0.44790260,84.44000000
32.27039389,84.43000000
10.00000000,84.43000000
40.00000000,84.43000000
9.08600000,84.43000000
8.64360611,84.43000000
0.20627000,84.44000000
0.10017000,84.44000000
0.10046685,84.44000000
1.00000000,84.44000000
0.29275516,84.45000000
0.10617212,84.45000000
0.13392272,84.45000000
0.14311464,84.45000000
3.26313960,84.45000000
0.29590000,84.44000000
0.38893749,84.45000000
0.58923853,84.45000000
0.62756974,84.45000000
0.50542721,84.45000000
0.49457279,84.45000000
0.02732721,84.45000000
0.07276279,84.45000000
0.42733721,84.46000000
0.27700456,84.47000000
0.10099000,84.47000000
3.29740073,84.49000000
1.24634377,84.49000000
3.38630000,84.48000000
1.22523127,84.48000000
0.27667326,84.48000000
0.27687341,84.49000000
2.98334088,84.49000000
0.10070000,84.49000000
0.99901840,84.50000000
2.05000000,84.50000000
0.11242189,84.50000000
0.10000000,84.50000000
0.10000000,84.51000000
0.11238876,84.51000000
0.11237881,84.52000000
0.13604464,84.52000000
0.21885688,84.52000000
0.18337848,84.52000000
0.79002000,84.53000000
0.23068190,84.53000000
0.21883541,84.53000000
0.21885456,84.53000000
0.11235399,84.53000000
0.11236543,84.53000000
0.11237452,84.53000000
0.13601359,84.53000000
0.11236408,84.54000000
0.14000000,84.54000000
0.23065984,84.54000000
1.69883276,84.54000000
0.74927841,84.48000000
1.00000000,84.55000000
0.10405402,84.55000000
0.16731512,84.55000000
0.33268488,84.55000000
0.10626110,84.55000000
0.28968488,84.55000000
0.11234343,84.55000000
0.10000000,84.55000000
2.42871165,84.55000000
1.13179077,84.54000000
0.10405402,84.50000000
0.28968488,84.50000000
0.10626110,84.50000000
0.16731512,84.50000000
0.33214245,84.50000000
1.14208235,84.52000000
0.00054243,84.50000000
1.00000000,84.50000000
0.04415757,84.50000000
0.10608418,84.51000000
0.70320482,84.51000000
0.10016000,84.51000000
0.14000000,84.52000000
0.19873518,84.53000000
0.16000000,84.52000000
0.42849354,84.52000000
2.77298156,84.52000000
6.79901844,84.52000000
0.10056000,84.52000000
2.37813990,84.54000000
15.25000000,84.53000000
5.79991665,84.54000000
1.10197757,84.51000000
19.87199089,84.50000000
31.10627127,84.50000000
20.55328751,84.50000000
3.81647276,84.50000000
2.00000000,84.51000000
0.00012806,84.50000000
0.10026000,84.50000000
39.25072159,84.48000000
1.17889035,84.48000000
0.00482177,84.48000000
0.10058000,84.48000000
0.25645736,84.48000000
0.48000000,84.46000000
1.17814087,84.46000000
0.99901840,84.45000000
6.00098160,84.45000000
0.35300000,84.46000000
0.19199000,84.46000000
0.45800000,84.46000000
8.87001000,84.46000000
1.00000000,84.46000000
24.96000000,84.45000000
0.20000000,84.45000000
0.10037000,84.45000000
6.69963000,84.45000000
17.99273000,84.45000000
0.10043000,84.45000000
4.16684000,84.44000000
0.99955074,84.44000000
0.15918042,84.45000000
9.40413386,84.45000000
0.27700000,84.44000000
0.38484152,84.45000000
0.11247047,84.45000000
0.18353930,84.45000000
0.46216071,84.45000000
0.85720000,84.44000000
0.63983834,84.45000000
0.50316166,84.45000000
0.19909834,84.45000000
0.93900000,84.45000000
0.10001000,84.45000000
0.19310000,84.45000000
3.66739574,84.45000000
0.21809249,84.45000000
0.21780000,84.44000000
0.14152140,84.44000000
0.19537299,84.45000000
0.11249164,84.45000000
0.87900000,84.45000000
0.12431000,84.45000000
0.42034209,84.45000000
0.12431348,84.45000000
0.18352024,84.45000000
4.62694956,84.45000000
10.37305044,84.45000000
0.10073000,84.45000000
11.58485038,84.45000000
17.94136918,84.45000000
0.75643099,84.45000000
1.71653696,84.44000000
4.64380289,84.45000000
0.56567370,84.45000000
0.10615955,84.45000000
0.00632883,84.45000000
0.11245747,84.45000000
1.65783330,84.45000000
1.77032920,84.44000000
335.00000000,84.44000000
0.23450000,84.44000000
2.13600000,84.45000000
2.13570000,84.44000000
0.67171543,84.45000000
2.13590000,84.45000000
2.00000000,84.44000000
2.58564257,84.44000000
0.32124145,84.44000000
2.48930000,84.44000000
4.53210561,84.45000000
0.27700456,84.45000000
0.21809249,84.45000000
2.00000000,84.45000000
0.95684985,84.45000000
0.98700000,84.44000000
0.74972208,84.44000000
0.74970000,84.45000000
0.35359025,84.45000000
0.74970000,84.44000000
3.48288163,84.45000000
0.15918042,84.45000000
1.40013546,84.44000000